$ 1 0.000005 54.00526672067058 50 5 43 5e-11
v -176 368 -176 16 0 0 40 8.2 0 0 0.5
w 336 432 336 16 0
w -176 432 -48 432 0
368 208 16 176 16 0 0
v 272 16 208 16 0 0 40 3.3 0 0 0.5
r -48 48 -48 112 0 10000
r -48 112 -48 176 0 6800
r 16 128 16 192 0 10000
r 16 192 16 256 0 7500
r 80 192 80 272 0 12000
w -176 16 -48 16 0
w -48 16 -48 48 0
w -176 368 -176 432 0
368 -48 112 -96 112 0 0
368 16 192 -96 192 0 0
368 80 272 -96 272 0 0
368 144 368 -96 368 0 0
r 80 272 80 336 0 10000
r 144 288 144 368 0 10000
r 144 368 144 432 0 9100
w -48 176 -48 432 0
w 16 256 16 432 0
w 80 336 80 432 0
w 144 288 144 16 0
w 16 16 -48 16 0
w 80 192 80 16 0
w 16 128 16 16 0
w -48 432 16 432 0
w 16 432 80 432 0
w 80 432 144 432 0
w 16 16 80 16 0
w 80 16 144 16 0
w -48 112 208 112 0
w 16 192 208 192 0
w 80 272 208 272 0
w 144 368 208 368 0
w 144 432 208 432 0
368 -176 16 -224 16 0 0
a 208 96 304 96 8 5 0 1000000 3.3 3.3190476190476192 100000
a 208 176 304 176 8 5 0 1000000 3.3 3.5142857142857142 100000
a 208 256 304 256 8 5 0 1000000 3.3 3.7272727272727266 100000
a 208 352 304 352 8 5 0 1000000 3.3 3.906806282722513 100000
w 272 16 336 16 0
w 336 432 208 432 0
w 208 16 208 80 0
w 208 80 208 160 0
w 208 160 208 240 0
w 208 240 208 336 0
r 352 96 432 96 0 1500
r 352 176 432 176 0 1500
r 352 256 432 256 0 1500
r 352 352 432 352 0 1500
w 304 96 352 96 0
w 304 176 352 176 0
w 304 256 352 256 0
w 304 352 352 352 0
162 432 96 496 96 2 default-led 1 0 0 0.01
162 432 176 496 176 2 default-led 1 0 0 0.01
162 432 256 496 256 2 default-led 1 0 0 0.01
162 432 352 496 352 2 default-led 1 0 0 0.01
w 496 96 496 176 0
w 496 176 496 256 0
w 496 256 496 352 0
w 496 352 496 432 0
w 496 432 336 432 0
o 0 64 0 4099 40 0.00625 0 2 0 3
